1038217363559047169 0.36933333333333335 0.6306666666666666 0.0 0.47093333333333337 1038354031586902016 0.432 0.568 0.0 0.5859
846764210524737536 0.0 1.0 0.0 0.0 846774653448343552 0.0 1.0 0.0 0.0
816350342153699329 0.0 1.0 0.0 0.0 816454692343599105 0.0 1.0 0.0 0.0
678682275953836032 0.0 1.0 0.0 0.0 678715198937522176 0.0 1.0 0.0 0.0
662401632684998656 0.312 0.688 0.0 0.7096 662640512252293120 0.9075 0.0925 0.0 0.466
662401632684998656 0.312 0.688 0.0 0.7096 664185431756509184 0.0 1.0 0.0 0.0
662401632684998656 0.312 0.688 0.0 0.7096 664185782085787648 0.495 0.505 0.0 0.783
562523484652589056 0.3245 0.25 0.1755 -0.06757499999999998 562554642664812545 0.12266666666666666 0.544 0.0 0.18036666666666668
550522047466844161 0.359 0.641 0.0 0.4215 552238068170625025 0.7273333333333333 0.27266666666666667 0.0 0.426
538021456748478464 0.17 0.8300000000000001 0.0 0.23765 538032182800154624 0.0 1.0 0.0 0.0
538021456748478464 0.17 0.8300000000000001 0.0 0.23765 540704657912254464 0.0 1.0 0.0 0.0
535803929284870144 0.222 0.778 0.0 0.2463 540704754263789568 1.0 0.0 0.0 0.4915
530122904051007488 0.163 0.837 0.0 0.5994 530126817760673792 0.3525 0.1475 0.0 0.34945
526617439958597632 0.292 0.708 0.0 0.7351 530127473615589376 0.0 1.0 0.0 0.0
