1254742265672675333 0.181 0.819 0.0 0.7506 1254963435500195843 0.222 0.778 0.0 0.2463
1253300267908501504 0.096 0.753 0.151 -0.3182 1253454378041782278 0.8374999999999999 0.16249999999999998 0.0 0.69365
1253076346236002304 0.171 0.789 0.039 0.6124 1253076348228288515 0.202 0.62 0.178 0.0772
1252207848160976901 0.128 0.872 0.0 0.6605 1252233146382209024 0.0 0.0 0.0 0.0
1251206130631573504 0.0 0.915 0.085 -0.3818 1251210741413294081 0.2 0.8 0.0 0.3612
1249797040172826626 0.208 0.792 0.0 0.8374 1249869679461568512 0.238 0.762 0.0 0.3612
1249750770037202945 0.31 0.69 0.0 0.836 1249777934765830146 0.214 0.786 0.0 0.3348
1248279354330710016 0.0 1.0 0.0 0.0 1248279356306325506 0.0 1.0 0.0 0.0
1247149185616486402 0.059 0.837 0.104 -0.25 1247149196593049602 0.0 1.0 0.0 0.0
1247149185616486402 0.059 0.837 0.104 -0.25 1247272011472285698 0.1955 0.8045 0.0 0.3494
1247149185616486402 0.059 0.837 0.104 -0.25 1247149948036096001 0.618 0.382 0.0 0.8163
1243255778036912128 0.072 0.778 0.15 -0.6124 1243257976783323143 0.0 1.0 0.0 0.0
1243233097266728960 0.144 0.856 0.0 0.4939 1243233107228188672 0.252 0.748 0.0 0.7506
1243233097266728960 0.144 0.856 0.0 0.4939 1243342908142559233 0.155 0.753 0.092 0.3612
1243233097266728960 0.144 0.856 0.0 0.4939 1243251804139290625 0.395 0.605 0.0 0.902
1243233097266728960 0.144 0.856 0.0 0.4939 1243337798138167306 0.736 0.264 0.0 0.4199
1243233097266728960 0.144 0.856 0.0 0.4939 1243337997468254210 0.328 0.172 0.0 0.3466
1243233097266728960 0.144 0.856 0.0 0.4939 1243346295756029955 0.736 0.264 0.0 0.4199
1243233097266728960 0.144 0.856 0.0 0.4939 1244068374017179650 0.2115 0.7885 0.0 0.28365
1241509487590232064 0.0 0.918 0.082 -0.3818 1241884917153357824 0.0 0.817 0.183 -0.21945
1241509487590232064 0.0 0.918 0.082 -0.3818 1241783307718676480 0.159 0.841 0.0 0.20995
1241509487590232064 0.0 0.918 0.082 -0.3818 1242564417998503937 0.38049999999999995 0.6194999999999999 0.0 0.45920000000000005
1241509487590232064 0.0 0.918 0.082 -0.3818 1249547285127671808 0.0 1.0 0.0 0.0
1240749532205527040 0.171 0.829 0.0 0.6597 1240749540967399425 0.341 0.659 0.0 0.8316
1240749532205527040 0.171 0.829 0.0 0.6597 1240756687499378695 0.8935 0.1065 0.0 0.523
1240328814141550593 0.167 0.833 0.0 0.4215 1240328817769623555 0.1 0.9 0.0 0.2732
1238208408727273475 0.119 0.881 0.0 0.3182 1238527600970084353 0.202 0.798 0.0 0.4215
1236682616750866438 0.158 0.842 0.0 0.4939 1236702524503207937 0.615 0.385 0.0 0.4926
1235648823835443201 0.092 0.844 0.065 0.0258 1235724578376355842 0.0 1.0 0.0 0.0
1230598303299100685 0.274 0.726 0.0 0.8271 1230598310483943449 0.167 0.833 0.0 0.4588
1229405371439120385 0.0 1.0 0.0 0.0 1229428596500041730 0.0 1.0 0.0 0.0
1227230878214086657 0.268 0.732 0.0 0.4648 1227245282145992704 1.0 0.0 0.0 0.4389
1225811697727934468 0.093 0.907 0.0 0.2463 1227605340130357250 0.379 0.621 0.0 0.6696
1225781497480740864 0.0 1.0 0.0 0.0 1226719582439735296 0.2055 0.7945 0.0 0.20995
1213097778886447104 0.248 0.674 0.078 0.701 1213103172987867141 0.187 0.313 0.0 0.2287
1212803279278804992 0.152 0.848 0.0 0.3612 1212803279278804992 0.161 0.839 0.0 0.3612
1212750444272988160 0.154 0.846 0.0 0.4767 1212750444272988160 0.0 1.0 0.0 0.0
1212373047455502336 0.226 0.774 0.0 0.7845 1212373047455502336 0.095 0.905 0.0 0.25
1212018168153149440 0.4535 0.5465 0.0 0.7665500000000001 1212018168153149440 0.546 0.45399999999999996 0.0 0.7215
1212018168153149440 0.4535 0.5465 0.0 0.7665500000000001 1213031908617195521 0.222 0.778 0.0 0.3057
1211685934024015872 0.126 0.874 0.0 0.3182 1211685934024015872 0.133 0.867 0.0 0.3182
1211648178040295424 0.221 0.779 0.0 0.481 1211648178040295424 0.238 0.762 0.0 0.481
1210636502566424578 0.126 0.808 0.067 0.3612 1210636502566424578 0.154 0.846 0.0 0.4767
1210561026162335745 0.0 1.0 0.0 0.0 1210561026162335745 0.0 1.0 0.0 0.0
1210289266061971456 0.0 1.0 0.0 0.0 1210289266061971456 0.0 1.0 0.0 0.0
1210213725115965440 0.126 0.874 0.0 0.43435 1210213725115965440 0.303 0.697 0.0 0.7269
1209477993036484609 0.2845 0.7155 0.0 0.3822 1209477993036484609 0.2845 0.7155 0.0 0.3822
1209262473167212544 0.351 0.649 0.0 0.4019 1209262473167212544 0.351 0.649 0.0 0.4019
1209149214636335104 0.234 0.766 0.0 0.6705 1209149214636335104 0.133 0.867 0.0 0.3818
1209118997767176194 0.116 0.884 0.0 0.6369 1209118997767176194 0.219 0.781 0.0 0.6369
1208039433309687808 0.0 1.0 0.0 0.0 1208039433309687808 0.0 1.0 0.0 0.0
1208039433309687808 0.0 1.0 0.0 0.0 1208184956939317249 0.226 0.585 0.189 0.1134
1208034264589197314 0.104 0.896 0.0 0.6369 1208034264589197314 0.231 0.769 0.0 0.6369
1208034264589197314 0.104 0.896 0.0 0.6369 1207007092504190977 0.274 0.726 0.0 0.7506
1207812916478664709 0.2 0.8 0.0 0.3612 1207812916478664709 0.2 0.8 0.0 0.3612
1207677047063101440 0.122 0.878 0.0 0.6124 1207677047063101440 0.135 0.865 0.0 0.3612
1207382577788727297 0.182 0.818 0.0 0.25 1207382577788727297 0.182 0.818 0.0 0.25
1207307069231128576 0.257 0.743 0.0 0.7096 1207307069231128576 0.182 0.818 0.0 0.4404
1207080573673623553 0.0 1.0 0.0 0.0 1207080573673623553 0.0 1.0 0.0 0.0
1207005068391792640 0.27 0.73 0.0 0.4019 1207005068391792640 0.291 0.709 0.0 0.4019
1206982456752013313 0.187 0.813 0.0 0.35855 1206982456752013313 0.187 0.813 0.0 0.35855
1206952253569019904 0.0 1.0 0.0 0.0 1206952253569019904 0.0 1.0 0.0 0.0
1206627615748055040 0.492 0.508 0.0 0.926 1206627615748055040 0.486 0.514 0.0 0.8834
1206627615748055040 0.492 0.508 0.0 0.926 1207273690225885184 0.42450000000000004 0.5755 0.0 0.5496000000000001
1205578189621346307 0.296 0.704 0.0 0.6369 1206086787283718144 0.564 0.436 0.0 0.41306666666666664
1202339331811221505 0.078 0.922 0.0 0.3182 1202597073784315905 0.474 0.526 0.0 0.5574
1199334535659474944 0.16 0.8155 0.0245 0.4556 1200458228347424768 0.565 0.435 0.0 0.5994
1197515048475938816 0.181 0.819 0.0 0.5106 1197606345261883392 0.437 0.563 0.0 0.7351
1195363461854826496 0.0 1.0 0.0 0.0 1196453069225103366 0.39549999999999996 0.6045 0.0 0.43784999999999996
1193891212853436417 0.2 0.8 0.0 0.3612 1193935148468908040 0.818 0.182 0.0 0.6696
1192864484131581952 0.112 0.888 0.0 0.34 1192890290757128193 0.577 0.423 0.0 0.6249
1189286554390413313 0.0 1.0 0.0 0.0 1189522930067222529 0.286 0.714 0.0 0.5574
1189240542686842880 0.175 0.825 0.0 0.5574 1189300783914860544 0.0 1.0 0.0 0.0
1187451247177224197 0.345 0.655 0.0 0.50935 1187455918281285635 0.0 1.0 0.0 0.0
1179055957319569409 0.191 0.809 0.0 0.5106 1179060413360721922 0.258 0.742 0.0 0.2463
1175039494757715968 0.162 0.784 0.054 0.6124 1176602383096455169 0.382 0.494 0.124 0.636
1169958509611556864 0.341 0.659 0.0 0.9325 1171484558518173703 0.3055 0.6945 0.0 0.37095
1167202800134230017 0.141 0.859 0.0 0.33525 1167214912587882496 0.0 1.0 0.0 0.0
1162483538362585092 0.427 0.573 0.0 0.8271 1162483667916271617 0.0 1.0 0.0 0.0
1157393604253507584 0.182 0.818 0.0 0.4404 1157399167276322822 0.818 0.182 0.0 0.6696
1156346249647415296 0.268 0.732 0.0 0.5267 1156348606615605248 0.302 0.698 0.0 0.5804
1156346249647415296 0.268 0.732 0.0 0.5267 1156349824465137665 0.0 1.0 0.0 0.0
1154481681882963969 0.126 0.793 0.081 0.2313 1154483111343923200 0.434 0.566 0.0 0.656
1154481681882963969 0.126 0.793 0.081 0.2313 1154847081594544128 0.1 0.778 0.122 -0.1027
1154179508599173122 0.114 0.886 0.0 0.3291 1154463150877618177 0.0 1.0 0.0 0.0
1149077875309629442 0.0 1.0 0.0 0.0 1149081917481992193 0.251 0.749 0.0 0.52
1148680578079875077 0.565 0.435 0.0 0.8934 1149422162513661953 0.252 0.748 0.0 0.5719
1140710887910756353 0.138 0.862 0.0 0.2617 1141020954874826754 0.2725 0.7275 0.0 0.1691
1134185335276154882 0.197 0.803 0.0 0.4927 1134458189339090944 1.0 0.0 0.0 0.6249
1130979130177204229 0.0 1.0 0.0 0.0 1131370693201989633 0.0 1.0 0.0 0.0
1129491963714113537 0.329 0.671 0.0 0.6597 1130867648353456129 0.202 0.798 0.0 0.4199
1127000436303650816 0.0 1.0 0.0 0.0 1127812148791476224 0.155 0.676 0.169 -0.0516
1123738994309849091 0.188 0.812 0.0 0.5023 1123745024813015040 0.0 0.0 1.0 -0.1027
1121526866639192069 0.306 0.694 0.0 0.8316 1122876083714441216 0.648 0.352 0.0 0.8113
1119390269068148736 0.0 1.0 0.0 0.0 1119604625571831808 0.747 0.253 0.0 0.7088
1116845996259127296 0.082 0.918 0.0 0.34 1118418994564878338 0.333 0.667 0.0 0.6689
1113927698500542464 0.253 0.747 0.0 0.5267 1116829313171697664 1.0 0.0 0.0 0.5411
1112845075271303168 0.0 1.0 0.0 0.0 1113028928640348161 0.0 1.0 0.0 0.0
1112036824938106888 0.217 0.783 0.0 0.7269 1112902406721789952 0.358 0.642 0.0 0.8042
1110329740307488768 0.0 1.0 0.0 0.0 1110933782171811840 0.248 0.752 0.0 0.5106
1105949123780452358 0.355 0.645 0.0 0.765 1105962809580576769 0.398 0.602 0.0 0.765
1105949123780452358 0.355 0.645 0.0 0.765 1105965314372763648 0.0 1.0 0.0 0.0
1105949123780452358 0.355 0.645 0.0 0.765 1106023756475101189 0.3165 0.6835 0.0 0.392
1101625703198539776 0.163 0.837 0.0 0.5719 1101632079450775554 0.205 0.795 0.0 0.5574
1100916022092197888 0.101 0.899 0.0 0.5423 1101563893690720256 0.0 0.0 0.0 0.0
1100884777173958656 0.0 1.0 0.0 0.0 1100930490767429635 0.0 1.0 0.0 0.0
1093256123849850880 0.0 1.0 0.0 0.0 1093323336254398464 0.0 0.0 0.0 0.0
1092893081706336257 0.0 1.0 0.0 0.0 1093846684382257153 0.0 1.0 0.0 0.0
1092588663123427329 0.163 0.837 0.0 0.6249 1111865448440741889 0.262 0.738 0.0 0.4939
1091387276842680320 0.309 0.691 0.0 0.7003 1091392418694471682 0.478 0.522 0.0 0.6696
1090726971519221761 0.117 0.883 0.0 0.5106 1090728234780712965 0.0 1.0 0.0 0.0
1085958220282245120 0.269 0.731 0.0 0.7672 1086261589743935488 0.708 0.292 0.0 0.7408
1081324431992111104 0.332 0.541 0.127 0.6486 1082240088430526464 0.1925 0.8075 0.0 0.1806
1075202011237416960 0.121 0.879 0.0 0.1858 1075439977859817477 0.0 1.0 0.0 0.0
1067070512742965248 0.322 0.678 0.0 0.765 1067075869183827968 0.596 0.404 0.0 0.8953
1062487830834896897 0.225 0.775 0.0 0.7269 1062711357655736322 1.0 0.0 0.0 0.5707
1060300526103990274 0.136 0.864 0.0 0.296 1060302953494597632 0.457 0.543 0.0 0.6369
1057791871798464512 0.252 0.748 0.0 0.7506 1068321716290625537 0.337 0.663 0.0 0.765
1057044427112439808 0.103 0.897 0.0 0.128 1057203938494218240 0.137 0.863 0.0 0.4019
1053284681024708609 0.205 0.795 0.0 0.4767 1053284681024708609 0.205 0.795 0.0 0.4767
1053065721356451840 0.289 0.711 0.0 0.7269 1053065721356451840 0.289 0.711 0.0 0.7269
1053035521650413570 0.333 0.667 0.0 0.6705 1053035521650413570 0.333 0.667 0.0 0.6705
1052695844980514822 0.0 0.761 0.239 -0.296 1052695844980514822 0.0 0.761 0.239 -0.296
1052627886614679553 0.278 0.722 0.0 0.7964 1052627886614679553 0.0 1.0 0.0 0.0
1052590127162253314 0.0 1.0 0.0 0.0 1052590127162253314 0.0 1.0 0.0 0.0
1052348499138961410 0.122 0.878 0.0 0.2023 1052348499138961410 0.122 0.878 0.0 0.2023
1052340957788672000 0.276 0.724 0.0 0.4939 1052340957788672000 0.276 0.724 0.0 0.4939
1052325273172099073 0.354 0.646 0.0 0.886 1052325273172099073 0.354 0.646 0.0 0.886
1051993661892898816 0.417 0.583 0.0 0.8519 1051993661892898816 0.399 0.601 0.0 0.8519
1051978552466464768 0.286 0.714 0.0 0.7778 1051978552466464768 0.286 0.714 0.0 0.7778
1051956929088671744 0.054 0.795 0.151 -0.5106 1051956929088671744 0.059 0.776 0.164 -0.5106
1050823443703361542 0.0 1.0 0.0 0.0 1050823443703361542 0.0 1.0 0.0 0.0
1050747979819352066 0.0 1.0 0.0 0.0 1050747979819352066 0.0 1.0 0.0 0.0
1050544117636366336 0.0 1.0 0.0 0.0 1050544117636366336 0.0 1.0 0.0 0.0
1050513184447193088 0.0 1.0 0.0 0.0 1050513184447193088 0.0 1.0 0.0 0.0
1050166624999940096 0.0 0.9465 0.0535 -0.1691 1050166624999940096 0.0 0.89 0.11 -0.2732
1050147236263411712 0.162 0.838 0.0 0.4404 1050147236263411712 0.172 0.828 0.0 0.4404
1049796694026674176 0.544 0.35 0.106 0.8307 1049796694026674176 0.544 0.35 0.106 0.8307
1049774932748619777 0.2125 0.7875 0.0 0.28595 1049774932748619777 0.2125 0.7875 0.0 0.28595
1049420832018223105 0.0 1.0 0.0 0.0 1049420832018223105 0.0 1.0 0.0 0.0
1048286781962145794 0.2 0.8 0.0 0.6124 1048286781962145794 0.153 0.847 0.0 0.4404
1048233905118175234 0.124 0.876 0.0 0.4019 1048233905118175234 0.13 0.87 0.0 0.4019
1048233905118175234 0.124 0.876 0.0 0.4019 1048238811111677952 0.3495 0.6505 0.0 0.4258
1048181052064321541 0.219 0.781 0.0 0.6808 1048181052064321541 0.248 0.752 0.0 0.6808
1048002679006527489 0.242 0.758 0.0 0.4939 1048002679006527489 0.242 0.758 0.0 0.4939
1035279833633370112 0.061 0.9390000000000001 0.0 0.17975 1038189981100060672 0.2675 0.5985 0.134 -0.09620000000000004
1025116552260190208 0.075 0.925 0.0 0.2204 1025173401491660800 0.705 0.295 0.0 0.3382
1022898365137338369 0.072 0.784 0.144 -0.2732 1023245573380616194 0.305 0.695 0.0 0.7034
1020443266527899648 0.451 0.549 0.0 0.93 1022612077867880448 0.11 0.89 0.0 0.26275
