1221085371985014789 0.086 0.914 0.0 0.4404 1221110683636584449 0.379 0.621 0.0 0.5672
1209156855366328321 0.377 0.623 0.0 0.926 1209370145560375298 0.0 1.0 0.0 0.0
1189217877792038912 0.244 0.756 0.0 0.7003 1189501021640417281 0.417 0.583 0.0 0.6476
1016381512999161857 0.145 0.855 0.0 0.743 1016411544551387138 0.863 0.137 0.0 0.7424
1016381512999161857 0.145 0.855 0.0 0.743 1016793466490277888 0.0 1.0 0.0 0.0
1016381500374253568 0.142 0.858 0.0 0.743 1016690046991257601 0.6525 0.34750000000000003 0.0 0.59245
1008310812547715072 0.357 0.643 0.0 0.8779 1012247110476075009 0.541 0.459 0.0 0.7088
997831759160111104 0.143 0.857 0.0 0.43125 997832108965056512 0.278 0.722 0.0 0.1806
981909368722649088 0.194 0.806 0.0 0.802 981957097561710594 0.197 0.803 0.0 0.4927
976488624983363584 0.065 0.873 0.062 0.0258 976490108143783938 0.0 1.0 0.0 0.0
976488624983363584 0.065 0.873 0.062 0.0258 976539776663871488 0.0 1.0 0.0 0.0
976488624983363584 0.065 0.873 0.062 0.0258 977081733895065601 0.0 1.0 0.0 0.0
976488624983363584 0.065 0.873 0.062 0.0258 976758214552367104 0.0 1.0 0.0 0.0
943194242054283264 0.0 1.0 0.0 0.0 943387877781790720 0.403 0.597 0.0 0.4019
927581374495842307 0.0 1.0 0.0 0.0 927651259678539776 0.1295 0.8705 0.0 0.21075
927581374495842307 0.0 1.0 0.0 0.0 927850812415578117 0.0 1.0 0.0 0.0
915969872579956737 0.148 0.741 0.111 0.2008 915971213524004865 0.0 1.0 0.0 0.0
914189366448283650 0.0 1.0 0.0 0.0 914271815823900673 0.0 1.0 0.0 0.0
911275164427591681 0.23 0.77 0.0 0.4576 911297219764113408 0.247 0.515 0.237 0.0258
911275164427591681 0.23 0.77 0.0 0.4576 911346027772256256 0.1815 0.3185 0.0 0.39485
905824244331937796 0.63 0.37 0.0 0.5267 906128253907345408 0.496 0.504 0.0 0.7096
899665158238339073 0.13 0.87 0.0 0.4588 899668086298750977 0.252 0.748 0.0 0.4019
899665158238339073 0.13 0.87 0.0 0.4588 899669359639101440 0.275 0.49 0.235 0.1027
893139455976058890 0.2785 0.7215 0.0 0.4779 893139738521210880 0.5 0.5 0.0 0.318
890997803652132869 0.112 0.888 0.0 0.2263 891095359623122944 0.307 0.693 0.0 0.7345
890997803652132869 0.112 0.888 0.0 0.2263 891097185638432768 0.436 0.564 0.0 0.4754
890617823776591872 0.261 0.739 0.0 0.7717 890868181497253888 0.796 0.204 0.0 0.5994
835607847203385345 0.0 1.0 0.0 0.0 835620841316474880 0.1955 0.8045 0.0 0.3348
824251791357411328 0.0 1.0 0.0 0.0 824393499114143744 0.345 0.655 0.0 0.7003
820299445954813952 0.163 0.837 0.0 0.35015 820303725486960641 0.0 0.702 0.298 -0.5255
820299445954813952 0.163 0.837 0.0 0.35015 820303141199458305 0.792 0.208 0.0 0.5859
820299445954813952 0.163 0.837 0.0 0.35015 820340056573419520 0.512 0.488 0.0 0.45424999999999993
820299445954813952 0.163 0.837 0.0 0.35015 822045229763141633 0.0 1.0 0.0 0.0
817426760543432704 0.265 0.735 0.0 0.7227 817428902788419585 0.677 0.323 0.0 0.6369
817426760543432704 0.265 0.735 0.0 0.7227 817432007047315456 0.79 0.21 0.0 0.5166
815203544047517696 0.264 0.736 0.0 0.3404 815272293882589184 0.30133333333333334 0.6986666666666667 0.0 0.3824666666666667
815203544047517696 0.264 0.736 0.0 0.3404 815206153244311554 0.326 0.674 0.0 0.4404
809801595357642753 0.088 0.9119999999999999 0.0 0.2294 811225122833108992 0.8 0.2 0.0 0.6114
809801595357642753 0.088 0.9119999999999999 0.0 0.2294 809810674734039040 0.0 1.0 0.0 0.0
804989848037761024 0.252 0.662 0.086 0.5423 804993612136202240 0.409 0.264 0.327 0.2226
799649689507397632 0.0 1.0 0.0 0.0 800320345202946049 0.804 0.196 0.0 0.6249
789845084950978560 0.0 1.0 0.0 0.0 789861465566113792 0.0 1.0 0.0 0.0
789845084950978560 0.0 1.0 0.0 0.0 789903361302814720 0.0 1.0 0.0 0.0
789845084950978560 0.0 1.0 0.0 0.0 789925677411729408 0.677 0.323 0.0 0.6369
787317142995738626 0.161 0.839 0.0 0.3182 787327226098360320 0.4175 0.2555 0.327 0.25025
787317142995738626 0.161 0.839 0.0 0.3182 787560835686232065 0.796 0.204 0.0 0.5983
771747376453279744 0.0805 0.9195 0.0 0.1806 771762845012860932 0.0 0.5 0.0 0.0
771747376453279744 0.0805 0.9195 0.0 0.1806 771748714494824448 0.1665 0.3335 0.0 0.3348
771747376453279744 0.0805 0.9195 0.0 0.1806 771773469189083137 0.143 0.857 0.0 0.125
771747376453279744 0.0805 0.9195 0.0 0.1806 771818164271276032 0.0 0.5 0.0 0.0
771747376453279744 0.0805 0.9195 0.0 0.1806 771941605611868160 0.2685 0.2315 0.0 0.26995
771747376453279744 0.0805 0.9195 0.0 0.1806 772050803678973952 0.0 0.5 0.0 0.0
771747376453279744 0.0805 0.9195 0.0 0.1806 772075290986184704 0.282 0.218 0.0 0.1901
771747376453279744 0.0805 0.9195 0.0 0.1806 774001571277500417 0.0 1.0 0.0 0.0
771724391902248961 0.1125 0.8875 0.0 0.24635 771724915506573312 0.3115 0.6885 0.0 0.443
771724391902248961 0.1125 0.8875 0.0 0.24635 771765888504791040 0.276 0.724 0.0 0.6369
771724391902248961 0.1125 0.8875 0.0 0.24635 771724867116929024 0.0 1.0 0.0 0.0
765580146564820996 0.109 0.891 0.0 0.2997 766707488876032002 0.0 1.0 0.0 0.0
753612650853044224 0.245 0.755 0.0 0.3818 755164719984640000 0.244 0.756 0.0 0.4404
740210734580281348 0.143 0.857 0.0 0.128 740286566409592832 0.0 1.0 0.0 0.0
735902841429229568 0.3995 0.6005 0.0 0.44504999999999995 735903912935448576 0.38 0.4 0.22 0.3818
697702453307961344 0.091 0.409 0.0 0.29185 697704662623981568 0.0 1.0 0.0 0.0
692686536136065025 0.248 0.7519999999999999 0.0 0.24003333333333332 692690658935595009 0.667 0.333 0.0 0.25
669869527254097920 0.361 0.639 0.0 0.8622 669969801658441730 0.0 1.0 0.0 0.0
666653853887123457 0.184 0.8160000000000001 0.0 0.39505 666657782012239877 0.357 0.643 0.0 0.8748
636802429263200256 0.0855 0.9145 0.0 0.25465 636826984509755392 0.603 0.397 0.0 0.5778000000000001
624203511073480705 0.186 0.814 0.0 0.5983 624245800902729728 0.412 0.588 0.0 0.743
599679611245502464 0.563 0.437 0.0 0.8832 599780764289372161 0.397 0.603 0.0 0.836
578917415460999168 0.0 1.0 0.0 0.0 578920298084335616 0.609 0.391 0.0 0.6171500000000001
578917415460999168 0.0 1.0 0.0 0.0 578927027115270144 0.545 0.455 0.0 0.855
578917415460999168 0.0 1.0 0.0 0.0 578966659463028736 0.0 1.0 0.0 0.0
578658364768559105 0.497 0.503 0.0 0.6942 578661647096627200 0.5 0.5 0.0 0.318
568743407012716544 0.231 0.769 0.0 0.5994 568751162129838080 0.23 0.77 0.0 0.636
540536607670280192 0.305 0.695 0.0 0.7645 540546622900699136 0.1105 0.8895 0.0 0.28535
518345883365421056 0.285 0.715 0.0 0.4199 518346160197894144 0.0 1.0 0.0 0.0
471931089867399168 0.151 0.849 0.0 0.29915 471931601803161600 0.225 0.775 0.0 0.4404
453921692213972992 0.0 1.0 0.0 0.0 453945144547737600 0.52 0.48 0.0 0.6705
452001001378033665 0.115 0.885 0.0 0.2781 452080791192109056 0.0 1.0 0.0 0.0
448436507074760704 0.0 1.0 0.0 0.0 448453292495241216 0.0 1.0 0.0 0.0
373008919318130689 0.0 1.0 0.0 0.0 373126554760773633 0.0 1.0 0.0 0.0
337547964958515200 0.328 0.672 0.0 0.4466 337548119703187456 0.171 0.829 0.0 0.4389
337547964958515200 0.328 0.672 0.0 0.4466 337560196891156481 0.0 1.0 0.0 0.0
334653072083148801 0.0 0.5 0.0 0.0 334963430702342146 0.104 0.896 0.0 0.31805
334653072083148801 0.0 0.5 0.0 0.0 334981428158816256 0.0 0.873 0.127 -0.4404
334653072083148801 0.0 0.5 0.0 0.0 335046947067006980 0.16 0.84 0.0 0.2263
334653072083148801 0.0 0.5 0.0 0.0 335353519324405761 0.339 0.661 0.0 0.802
334254379739799554 0.0 1.0 0.0 0.0 334255515796381696 0.402 0.598 0.0 0.31195
333899216587997185 0.064 0.9359999999999999 0.0 0.2233 333908168885284864 0.5 0.5 0.0 0.25
333899216587997185 0.064 0.9359999999999999 0.0 0.2233 333919702600536066 0.0 1.0 0.0 0.0
333899216587997185 0.064 0.9359999999999999 0.0 0.2233 333903858633936896 0.5603333333333333 0.43966666666666665 0.0 0.3256333333333334
333899216587997185 0.064 0.9359999999999999 0.0 0.2233 333906303258877952 0.471 0.529 0.0 0.7385
333899216587997185 0.064 0.9359999999999999 0.0 0.2233 333906562613669888 0.6095 0.3905 0.0 0.35005
333899216587997185 0.064 0.9359999999999999 0.0 0.2233 333907693083451394 0.235 0.765 0.0 0.51
333899216587997185 0.064 0.9359999999999999 0.0 0.2233 333939750534803456 0.362 0.638 0.0 0.6249
333475370332475393 0.074 0.5926666666666667 0.3333333333333333 0.01803333333333333 333477095764271104 0.188 0.812 0.0 0.4588
333226994177306626 0.324 0.176 0.0 0.4584 333243639901868033 0.504 0.496 0.0 0.9217
333226994177306626 0.324 0.176 0.0 0.4584 333234727966355456 1.0 0.0 0.0 0.3182
333219765646655488 0.0 1.0 0.0 0.0 333320898213969920 0.0 1.0 0.0 0.0
333219765646655488 0.0 1.0 0.0 0.0 333321667000537089 0.257 0.743 0.0 0.5859
333217643962175488 0.1135 0.8865000000000001 0.0 0.24905 333315258833850368 0.278 0.722 0.0 0.3062
333217643962175488 0.1135 0.8865000000000001 0.0 0.24905 333225078730932224 0.134 0.776 0.09 0.2714
315196775264837633 0.0 1.0 0.0 0.0 315218705619505153 0.126 0.874 0.0 0.3818
311525326167617537 0.0 1.0 0.0 0.0 311531384344834048 0.212 0.614 0.174 0.1717
305295257543774208 0.0 1.0 0.0 0.0 305295672637272064 0.691 0.309 0.0 0.7717
266638493109870592 0.0 1.0 0.0 0.0 266653463516164096 0.0 1.0 0.0 0.0
228431138388070400 0.4 0.6 0.0 0.875 228439326114082817 0.4535 0.5465 0.0 0.688
224028748599656448 0.0 0.859 0.141 -0.09866666666666667 224035561235689472 0.744 0.256 0.0 0.4404
224028748599656448 0.0 0.859 0.141 -0.09866666666666667 224089412210925568 0.314 0.686 0.0 0.7506
223384932293156864 0.504 0.496 0.0 0.7964 223385547756945408 0.7663333333333333 0.23366666666666666 0.0 0.4691666666666667
222940949549031426 0.064 0.936 0.0 0.0772 224882230810513409 0.0 1.0 0.0 0.0
